id=run_60CoGrupoC2
time.start=2024/11/14 13:30:13.610+0100
time.stop=2024/11/14 13:40:13.614+0100
time.real=00:10:00
board.2-5-11655.readout.rate=36.838 kb/s
board.2-5-11655.0.rejections.singles=150.538
board.2-5-11655.0.rejections.pileup=0.0
board.2-5-11655.0.rejections.saturation=0.0
board.2-5-11655.0.rejections.energy=1301.08
board.2-5-11655.0.rejections.psd=0.0
board.2-5-11655.0.rejections.timedistribution=0.0
board.2-5-11655.0.throughput=1458.93
board.2-5-11655.0.icr=1452.96
board.2-5-11655.0.ocr=1.34409
board.2-5-11655.0.calibration.energy.c0=28.361
board.2-5-11655.0.calibration.energy.c1=0.44001
board.2-5-11655.0.calibration.energy.c2=1.6923E-4
board.2-5-11655.0.calibration.energy.uom=keV
board.2-5-11655.1.rejections.singles=138.331
board.2-5-11655.1.rejections.pileup=0.0
board.2-5-11655.1.rejections.saturation=0.0
board.2-5-11655.1.rejections.energy=1435.69
board.2-5-11655.1.rejections.psd=0.0
board.2-5-11655.1.rejections.timedistribution=0.0
board.2-5-11655.1.throughput=1545.53
board.2-5-11655.1.icr=1575.37
board.2-5-11655.1.ocr=1.34302
board.2-5-11655.1.calibration.energy.c0=-16.349
board.2-5-11655.1.calibration.energy.c1=1.0054
board.2-5-11655.1.calibration.energy.c2=0.0
board.2-5-11655.1.calibration.energy.uom=keV
board.2-5-11655.2.rejections.singles=0.0
board.2-5-11655.2.rejections.pileup=0.0
board.2-5-11655.2.rejections.saturation=0.0
board.2-5-11655.2.rejections.energy=0.0
board.2-5-11655.2.rejections.psd=0.0
board.2-5-11655.2.rejections.timedistribution=0.0
board.2-5-11655.2.throughput=0.0
board.2-5-11655.2.icr=0.0
board.2-5-11655.2.ocr=0.0
board.2-5-11655.2.calibration.energy.c0=0.0
board.2-5-11655.2.calibration.energy.c1=1.0
board.2-5-11655.2.calibration.energy.c2=0.0
board.2-5-11655.2.calibration.energy.uom=keV
board.2-5-11655.3.rejections.singles=0.0
board.2-5-11655.3.rejections.pileup=0.0
board.2-5-11655.3.rejections.saturation=0.0
board.2-5-11655.3.rejections.energy=0.0
board.2-5-11655.3.rejections.psd=0.0
board.2-5-11655.3.rejections.timedistribution=0.0
board.2-5-11655.3.throughput=0.0
board.2-5-11655.3.icr=0.0
board.2-5-11655.3.ocr=0.0
board.2-5-11655.3.calibration.energy.c0=0.0
board.2-5-11655.3.calibration.energy.c1=1.0
board.2-5-11655.3.calibration.energy.c2=0.0
board.2-5-11655.3.calibration.energy.uom=keV
